0.561209 14
1.122748 26
1.6844519999999998 38
2.246128 50
2.807507 62
3.368877 70
3.930479 78
4.492125 92
5.053848 100
5.615484 108
6.177395 116
6.740454 124
7.302245 126
7.863637 138
8.425312 142
8.986935 150
9.548664 156
10.110321 158
10.67208 166
11.233783 170
11.795531 174
12.35712 178
12.918777 182
13.480453 186
14.042111 190
14.603952 194
15.165764 197
15.72746 198
16.28931 202
16.851058 205
17.412846 206
17.974707 210
18.536453 212
19.098216999999998 214
19.660169 216
20.222059 218
20.78387 220
21.3456 222
21.907404 224
22.469088 225
23.03089 226
23.592596 227
24.154366 228
24.716072 230
25.277906 231
25.840158 233
26.40244 233
26.964601000000002 234
27.526291 236
28.08816 236
28.649969 236
29.212161 237
29.774059 238
30.33568 238
30.897322 240
31.459108 241
32.020843 241
32.582617 241
33.144371 242
33.706036 243
34.267744 244
34.82945 244
35.391147 244
35.95283 244
36.514645 245
37.076334 245
37.638043 245
38.199743 246
38.761461 246
39.323218 246
39.884976 246
40.446678 246
41.008354 247
41.57017 247
42.132061 248
42.693748 248
43.255356 248
43.817102 248
44.378852 249
44.9406 248
45.502348 248
46.064152 249
46.626023 249
47.187837 249
47.749628 249
48.311574 249
48.873344 250
49.435154 249
49.997089 250
50.558881 250
51.120723 250
51.682477 250
52.24416 250
52.805872 251
53.367586 250
53.929325 251
54.491102 250
55.052772 250
55.614521 250
56.176368 250
56.738053 251
57.299778 250
57.861531 249
58.423238 251
58.984924 251
59.546725 252
60.108452 251
60.670149 251
61.231974 251
61.793689 251
62.35548 251
62.91729 251
63.479102 251
64.040872 252
64.602667 251
65.164366 251
65.726133 252
66.287993 251
66.849671 251
67.411487 251
67.973109 252
68.534825 251
69.096606 251
69.658799 251
70.220497 251
70.782184 251
71.344017 252
71.905798 251
72.467449 251
73.029222 251
73.590933 251
74.152687 251
74.714393 252
75.276082 251
75.837836 252
76.399762 251
76.961494 252
77.52314 251
78.084878 251
78.646549 251
79.208174 252
79.769897 252
80.331626 252
80.893318 251
81.455067 252
82.016739 252
82.578339 252
83.140161 252
83.7019 251
84.263587 252
84.825252 252
85.386943 252
85.948617 252
86.51047 252
87.07218 251
87.633892 252
88.195731 252
88.757347 252
89.319003 252
89.880699 252
90.442475 251
91.004108 252
91.565779 252
92.12746 252
92.68909 252
93.250822 252
93.812596 251
94.374331 251
94.935988 252
95.497628 252
96.059309 251
96.620952 251
97.182635 252
97.744344 252
98.306004 251
98.867647 252
99.429368 251
99.991103 251
100.552738 252
101.114907 252
101.676608 252
102.238328 251
102.800074 251
103.361831 251
103.923629 251
104.485385 252
105.047076 251
105.608773 251
106.170646 252
106.732465 252
107.294094 252
107.855857 252
108.417558 252
108.979311 251
109.541091 251
110.102838 252
110.665234 252
111.22731 251
111.790743 252
112.352913 251
112.914853 252
113.476708 252
114.038576 252
114.600678 252
115.162034 252
115.723876 251
116.286485 251
116.848148 252
117.409938 252
117.971757 252
118.533441 251
119.095173 252
119.656833 251
120.218532 251
120.78024 252
121.342201 251
121.90395 252
122.465662 252
123.027362 252
123.589729 252
124.15122 252
124.712902 252
125.274562 252
125.836345 252
126.398202 252
126.959954 252
127.521679 251
128.083488 252
128.645253 251
129.206901 251
129.768682 252
130.330499 251
130.892399 251
131.454187 251
132.015814 251
132.577863 251
133.140257 251
133.702369 251
134.264206 252
134.825966 252
135.387694 252
135.94937 252
136.511099 251
137.072871 252
137.634615 252
138.19634 252
138.758106 252
139.319903 252
139.883828 252
140.44612 252
141.007496 252
141.569 252
142.130746 252
142.692865 252
143.254316 252
143.815851 252
144.377511 252
144.939198 252
145.501262 253
146.063044 251
146.62509 251
147.187729 252
147.749938 252
148.311356 252
148.873118 252
149.434975 252
149.996714 252
150.558605 252
151.120397 252
151.682162 252
152.243826 252
152.805516 253
153.367287 253
153.929086 252
154.490932 253
155.052759 253
155.614481 253
156.176224 253
156.737926 253
157.299644 253
157.861479 253
158.423162 253
158.984916 253
159.546796 253
160.108616 254
160.670285 254
161.232185 253
161.793947 254
162.356113 254
162.918725 254
163.480944 254
164.043142 254
164.60481 254
165.16659 254
165.728317 254
166.290183 254
166.852034 254
167.413841 254
167.975562 254
168.537304 254
169.099076 254
169.661646 254
170.223437 254
170.785392 254
171.347189 254
171.908893 254
172.470654 254
173.032415 254
173.594227 254
174.155928 254
174.717671 254
175.279452 254
175.841249 254
176.403155 254
176.964844 254
177.526625 254
178.088271 254
178.649998 254
179.211773 254
179.773611 254
180.335564 254
180.897362 254
181.459186 254
182.02094 254
182.582927 254
183.144788 254
183.706685 254
184.268574 254
184.830475 254
185.392372 254
185.954283 254
186.516281 254
187.078105 254
187.639931 254
188.201843 254
188.763681 254
189.325612 254
189.887471 254
190.4498 254
191.012143 254
191.573825 254
192.135474 254
192.697145 254
193.258745 254
193.820364 254
194.382242 254
194.943938 254
195.505582 254
196.067248 254
196.628934 254
197.190621 254
197.752517 254
198.3143 254
198.875947 254
199.437834 254
199.999654 254
200.561424 254
201.123298 254
201.685079 254
202.246797 254
202.808601 254
203.370354 254
203.932166 254
204.493995 254
205.055864 254
205.617593 254
206.179436 254
206.741255 254
207.303127 254
207.864896 254
