0.570866 10
1.132402 22
1.694109 38
2.25574 46
2.8174010000000003 62
3.379237 70
3.941112 78
4.502835 90
5.06458 94
5.626337 108
6.188037 114
6.749752 122
7.31187 126
7.873505 138
8.43526 142
8.99697 150
9.558838 155
10.120828 158
10.682545 166
11.244194 170
11.805998 174
12.367776 178
12.929505 182
13.491289 186
14.053182 190
14.615066 194
15.176729 196
15.738333 199
16.300219 202
16.861809 205
17.423854 206
17.985006 210
18.546671 212
19.108301 214
19.670164 216
20.231882 218
20.793531 220
21.355262 222
21.916971 224
22.478773 225
23.040529 226
23.602151 228
24.163965 229
24.725827 230
25.287525 231
25.849265 232
26.410926 234
26.972592 234
27.534357 236
28.096089 236
28.657725 237
29.219332 238
29.781057 238
30.342767 239
30.904375 240
31.466046 241
32.027631 242
32.589308 242
33.151002 243
33.712702 242
34.274395 243
34.836029 244
35.39763 244
35.959332 244
36.521025 245
37.082767 246
37.644452 246
38.206142 246
38.76792 246
39.330005 247
39.891872 246
40.453562 247
41.015202 247
41.576896 248
42.138705 248
42.700461 248
43.262389 248
43.824039 249
44.385689 248
44.947438 249
45.50902 249
46.071246 249
46.633116 249
47.195088 249
47.756932 250
48.318583 250
48.880215 250
49.441969 250
50.003697 250
50.565522 250
51.127219 251
51.688873 250
52.250568 250
52.812332 251
53.373951 250
53.93565 251
54.497477 251
55.059246 250
55.62092 251
56.182592 250
56.744226 251
57.305837 251
57.86752 251
58.429118 251
58.990677 251
59.552508 251
60.114197 251
60.675839 251
61.23751 251
61.799326 251
62.361379 251
62.923093 251
63.484724 251
64.046478 251
64.608343 252
65.17015 252
65.732064 251
66.293738 252
66.855558 251
67.417405 251
67.979513 252
68.541612 252
69.103215 252
69.665098 252
70.226858 252
70.788778 252
71.350576 252
71.912448 252
72.474247 252
73.036087 252
73.597917 252
74.159745 252
74.721698 253
75.283406 253
75.845081 252
76.406828 252
76.968572 252
77.530394 253
78.092197 253
78.653871 253
79.215646 253
79.777784 253
80.339585 254
80.901352 253
81.463198 254
82.02508 254
82.586891 254
83.148541 254
83.710167 254
84.271946 254
84.833949 254
85.39587 254
85.95768 254
86.519573 254
87.081446 254
87.643227 254
88.204865 254
88.766519 254
89.32895 254
89.890964 254
90.45281 254
91.014619 254
91.576366 254
92.138171 254
92.699945 254
93.261719 254
93.823436 254
94.385176 254
94.947057 254
95.508845 254
96.070566 254
96.632311 254
97.194087 254
97.755895 254
98.317679 254
98.879344 254
99.441063 254
100.00289 254
100.564733 254
101.126641 254
101.688684 254
102.250544 254
102.812417 254
103.374315 254
103.936025 254
104.497834 254
105.05949 254
105.621328 254
106.183272 254
106.745211 254
107.307014 254
107.868718 254
108.430534 254
108.99233 254
109.554242 254
110.115892 254
110.677725 254
111.239563 254
111.801497 254
112.363329 254
112.92514 254
113.486886 254
114.048707 254
114.610661 254
115.172558 254
115.734607 254
116.296377 254
116.858115 254
117.420189 254
117.98423 254
118.546423 254
119.108505 254
119.670601 254
120.232472 254
120.794048 254
121.356004 254
121.917753 254
122.479936 254
123.04172 254
123.603873 254
124.166066 254
124.728139 254
125.290134 254
125.851992 254
126.413798 254
126.97544 254
127.537467 254
128.099425 254
128.66129 254
129.223045 254
129.785128 254
130.347167 254
130.909064 254
131.471111 254
132.032713 254
132.594596 252
133.156089 251
133.717827 251
134.279678 249
134.841743 249
135.403667 249
135.965758 249
136.527462 250
137.089171 250
137.651296 249
138.213666 249
138.775491 250
139.337325 250
139.900063 250
140.462334 250
141.024154 251
141.586004 250
142.147791 251
142.709648 251
143.271948 251
143.833868 251
144.396553 250
144.958357 251
145.520067 250
146.081881 251
146.643534 251
147.205154 251
147.766929 251
148.328797 251
148.890487 251
149.452551 252
150.014097 251
150.575853 252
151.13764 251
151.699366 252
152.261092 252
152.82288 252
153.384736 252
153.946477 252
154.508339 253
155.070188 252
155.632037 252
156.193722 253
156.755513 252
157.317233 252
157.878914 253
158.440636 252
159.002296 252
159.564129 251
160.125743 249
160.687517 249
161.24921 248
161.810968 247
162.372673 245
162.934466 245
163.496662 244
164.05836 243
164.619997 241
165.18175 242
165.743469 242
166.305074 241
166.866733 242
167.428347 242
167.989968 242
168.552218 242
169.114236 243
169.676081 242
170.237839 242
170.799535 243
171.361311 243
171.92297 243
172.484657 243
173.046374 243
173.608234 243
174.170044 243
174.732064 243
175.294167 243
175.856424 244
176.419238 244
176.981643 244
177.543334 244
178.105353 244
178.667171 244
179.229221 244
179.791321 244
180.353129 244
180.914912 244
181.477039 244
182.039442 245
182.601901 245
183.164136 245
183.725986 244
184.28784 245
184.849632 245
185.411241 245
185.973096 246
186.534867 245
187.096603 245
187.657971 246
188.219395 245
188.78104 246
189.342688 246
189.904484 246
190.46627 246
191.027927 246
191.589503 246
192.150844 246
192.71263 246
193.274503 247
193.836223 246
194.397802 246
194.959447 246
195.521136 246
196.082675 246
196.644204 247
197.205901 247
197.767692 247
198.329454 248
198.891189 247
199.452848 247
200.0146 247
200.576257 247
201.137903 248
201.699551 247
202.261273 248
202.823332 248
203.385 248
203.947054 248
204.50878 248
205.070682 248
205.632812 248
206.194476 249
206.756305 249
207.31809 248
207.879812 249
208.44156 249
209.00328 249
209.565035 249
210.126853 249
210.68859 249
211.250319 249
211.812006 249
212.373745 249
212.935473 249
213.497189 250
214.05912 249
214.620818 250
215.182528 250
215.744086 250
216.305762 250
216.867287 250
217.429114 250
217.990878 251
218.552675 250
219.114384 250
219.67656 250
220.238301 251
220.800141 251
221.361871 251
221.923914 251
222.48564 251
223.047532 251
223.60955 251
224.171581 251
224.733582 251
225.295221 251
225.857626 252
226.419673 251
226.98136 252
227.54321 251
228.104947 252
228.666708 252
229.228382 252
229.790205 252
230.351939 252
230.913703 252
231.475454 252
232.037198 253
232.599033 252
233.161075 253
233.722947 253
234.284722 253
234.846698 253
235.408533 253
235.970321 253
236.532167 253
237.094039 253
237.656313 254
238.218675 254
238.780585 253
239.342366 253
239.904156 254
240.465892 254
241.027512 254
241.588871 254
242.150516 254
242.712256 254
243.273999 254
243.835557 254
244.397269 254
244.960001 254
245.521698 254
246.08344 254
246.645232 254
247.207429 254
247.769659 254
248.331495 254
248.89343 254
249.455255 254
250.017011 254
250.578879 254
251.140529 254
251.702232 254
252.264457 254
252.826681 254
253.389092 254
253.951322 254
254.513288 254
255.075118 254
255.637431 254
256.199745 254
256.761824 254
257.323701 254
257.88541 254
258.4473 254
259.009063 254
259.570831 254
260.13297 254
260.695113 254
261.256948 254
261.818599 254
262.380907 254
262.943485 254
263.505967 254
264.068239 254
264.631061 254
265.193589 254
265.755333 254
266.317208 254
266.879001 254
267.440816 254
268.002594 254
268.56431 254
269.126192 254
269.688112 254
270.249877 254
270.811634 254
271.373567 254
271.935465 254
272.497404 254
273.059304 254
273.62119 254
274.182974 254
274.74492 254
275.306602 254
275.868371 254
276.430141 254
276.991844 254
277.553666 254
278.11551 254
